Multiple size <= 100
TEST 1 ARG:85 86 92 17 75 64 62 22 87 94 19 18 78 66 13 53 41 88 93 54 10 98 65 52 23 7 68 1 63 26 43 33 25 39 49 45 9 40 20 32 77 0 83 38 99 55 81 24 80 79 72 59 67 70 76 97 58 47 90 96 5 30 16 57 11 74 15 95 71 2 12 29 56 91 31 50 14 73 51 48 42 27 36 35 46 37 61 82 69 28 8 21 89 4 6 44 3 84 60 34
TEST 1 ARG:85 86 92 17 75 64 62 22 87 94 19 18 78 66 13 53 41 88 93 54 10 98 65 52 23 7 68 1 63 26 43 33 25 39 49 45 9 40 20 32 77 0 83 38 99 55 81 24 80 79 72 59 67 70 76 97 58 47 90 96 5 30 16 57 11 74 15 95 71 2 12 29 56 91 31 50 14 73 51 48 42 27 36 35 46 37 61 82 69 28 8 21 89 4 6 44 3 84 60 34
TEST 2 ARG:96 5 1 66 48 55 27 40 39 90 59 92 13 50 57 18 74 11 94 58 24 26 56 35 0 54 68 23 3 37 65 7 36 73 34 29 20 97 75 84 53 19 63 31 47 69 15 6 80 46 78 10 81 38 72 76 98 22 95 86 83 43 62 41 8 52 88 33 71 4 2 93 42 12 85 67 61 79 16 32 91 25 60 49 45 44 17 30 89 82 51 9 14 64 99 87 70 28 77 21
TEST 2 ARG:96 5 1 66 48 55 27 40 39 90 59 92 13 50 57 18 74 11 94 58 24 26 56 35 0 54 68 23 3 37 65 7 36 73 34 29 20 97 75 84 53 19 63 31 47 69 15 6 80 46 78 10 81 38 72 76 98 22 95 86 83 43 62 41 8 52 88 33 71 4 2 93 42 12 85 67 61 79 16 32 91 25 60 49 45 44 17 30 89 82 51 9 14 64 99 87 70 28 77 21
TEST 3 ARG:6 10 62 5 61 85 44 8 90 48 83 92 4 87 57 86 54 94 7 70 43 51 14 42 12 29 66 64 33 93 21 49 73 69 17 52 88 22 25 96 11 56 95 67 82 77 89 19 41 78 84 16 99 30 24 35 81 59 9 63 36 13 68 39 1 18 20 23 45 75 37 3 72 26 55 58 40 32 46 27 31 91 74 15 34 47 38 65 71 79 80 2 98 0 28 60 76 97 53 50
TEST 3 ARG:6 10 62 5 61 85 44 8 90 48 83 92 4 87 57 86 54 94 7 70 43 51 14 42 12 29 66 64 33 93 21 49 73 69 17 52 88 22 25 96 11 56 95 67 82 77 89 19 41 78 84 16 99 30 24 35 81 59 9 63 36 13 68 39 1 18 20 23 45 75 37 3 72 26 55 58 40 32 46 27 31 91 74 15 34 47 38 65 71 79 80 2 98 0 28 60 76 97 53 50
TEST 4 ARG:32 57 27 14 43 68 98 19 25 29 63 49 65 77 16 87 6 74 93 42 28 21 4 46 9 11 38 18 20 95 72 50 37 88 51 10 17 8 59 13 2 1 71 86 47 82 0 36 67 64 90 15 52 33 97 92 24 41 54 69 81 91 26 79 99 39 62 76 55 96 7 66 70 35 83 80 48 3 45 75 44 60 94 73 22 58 40 56 84 53 30 89 34 12 31 5 61 85 78 23
TEST 4 ARG:32 57 27 14 43 68 98 19 25 29 63 49 65 77 16 87 6 74 93 42 28 21 4 46 9 11 38 18 20 95 72 50 37 88 51 10 17 8 59 13 2 1 71 86 47 82 0 36 67 64 90 15 52 33 97 92 24 41 54 69 81 91 26 79 99 39 62 76 55 96 7 66 70 35 83 80 48 3 45 75 44 60 94 73 22 58 40 56 84 53 30 89 34 12 31 5 61 85 78 23
TEST 5 ARG:99 78 37 80 85 32 86 84 6 53 38 34 20 28 17 7 24 11 89 93 96 95 43 56 46 64 68 90 60 18 8 65 59 74 25 73 55 58 29 63 52 51 50 22 15 5 87 31 30 3 98 70 57 77 23 54 2 69 62 75 71 82 33 83 39 40 79 67 48 16 0 61 49 36 35 27 14 66 92 72 26 76 1 9 41 94 10 88 21 12 44 47 81 13 4 19 91 45 97 42
TEST 5 ARG:99 78 37 80 85 32 86 84 6 53 38 34 20 28 17 7 24 11 89 93 96 95 43 56 46 64 68 90 60 18 8 65 59 74 25 73 55 58 29 63 52 51 50 22 15 5 87 31 30 3 98 70 57 77 23 54 2 69 62 75 71 82 33 83 39 40 79 67 48 16 0 61 49 36 35 27 14 66 92 72 26 76 1 9 41 94 10 88 21 12 44 47 81 13 4 19 91 45 97 42
TEST 6 ARG:82 65 0 17 21 88 39 25 50 4 94 36 79 77 27 86 45 54 67 46 9 33 40 11 91 58 18 92 26 85 61 24 95 68 75 90 96 55 16 78 62 44 81 5 31 97 34 35 29 41 13 89 23 10 56 19 71 1 83 99 30 43 84 98 15 47 12 48 3 57 6 53 22 42 32 64 60 93 80 72 74 20 38 51 28 59 49 66 87 63 52 69 70 73 76 8 7 37 14 2
TEST 6 ARG:82 65 0 17 21 88 39 25 50 4 94 36 79 77 27 86 45 54 67 46 9 33 40 11 91 58 18 92 26 85 61 24 95 68 75 90 96 55 16 78 62 44 81 5 31 97 34 35 29 41 13 89 23 10 56 19 71 1 83 99 30 43 84 98 15 47 12 48 3 57 6 53 22 42 32 64 60 93 80 72 74 20 38 51 28 59 49 66 87 63 52 69 70 73 76 8 7 37 14 2
TEST 7 ARG:34 22 58 68 84 65 57 0 73 10 30 74 6 23 62 69 79 9 53 39 88 11 48 46 5 91 80 7 72 24 71 44 25 38 96 92 63 35 98 12 17 86 83 41 33 15 85 26 67 37 3 99 16 18 19 20 47 56 66 31 89 78 50 14 40 93 49 60 8 81 45 2 36 90 4 21 29 55 27 43 75 42 51 52 95 82 97 70 87 1 64 28 76 59 61 54 13 32 77 94
TEST 7 ARG:34 22 58 68 84 65 57 0 73 10 30 74 6 23 62 69 79 9 53 39 88 11 48 46 5 91 80 7 72 24 71 44 25 38 96 92 63 35 98 12 17 86 83 41 33 15 85 26 67 37 3 99 16 18 19 20 47 56 66 31 89 78 50 14 40 93 49 60 8 81 45 2 36 90 4 21 29 55 27 43 75 42 51 52 95 82 97 70 87 1 64 28 76 59 61 54 13 32 77 94
TEST 8 ARG:78 68 69 10 1 80 67 30 74 73 19 28 43 37 14 8 83 34 53 77 61 72 99 21 32 35 70 40 39 87 65 56 36 97 50 3 81 11 5 26 38 66 90 20 86 51 52 16 33 88 54 7 47 29 12 95 22 55 0 58 27 75 96 92 79 44 13 57 63 45 41 85 17 2 71 98 42 94 18 24 6 89 31 4 49 62 48 9 25 93 15 76 82 59 46 64 84 23 91 60
TEST 8 ARG:78 68 69 10 1 80 67 30 74 73 19 28 43 37 14 8 83 34 53 77 61 72 99 21 32 35 70 40 39 87 65 56 36 97 50 3 81 11 5 26 38 66 90 20 86 51 52 16 33 88 54 7 47 29 12 95 22 55 0 58 27 75 96 92 79 44 13 57 63 45 41 85 17 2 71 98 42 94 18 24 6 89 31 4 49 62 48 9 25 93 15 76 82 59 46 64 84 23 91 60
TEST 9 ARG:49 11 6 10 23 43 97 37 41 35 18 62 0 1 16 68 89 64 21 36 14 54 75 84 91 78 66 55 26 86 65 32 19 34 29 61 81 8 96 59 71 30 50 12 47 27 5 80 51 48 3 90 87 24 33 46 94 67 42 25 95 98 52 38 63 28 53 2 88 56 40 93 92 31 69 70 7 45 22 82 60 20 17 77 79 83 9 99 74 13 73 44 15 72 58 57 4 39 85 76
TEST 9 ARG:49 11 6 10 23 43 97 37 41 35 18 62 0 1 16 68 89 64 21 36 14 54 75 84 91 78 66 55 26 86 65 32 19 34 29 61 81 8 96 59 71 30 50 12 47 27 5 80 51 48 3 90 87 24 33 46 94 67 42 25 95 98 52 38 63 28 53 2 88 56 40 93 92 31 69 70 7 45 22 82 60 20 17 77 79 83 9 99 74 13 73 44 15 72 58 57 4 39 85 76
TEST 10 ARG:7 35 26 53 89 92 47 86 29 79 56 48 38 71 28 12 20 2 64 23 24 43 44 33 99 59 37 69 18 32 66 22 36 65 4 1 15 49 72 90 98 58 83 51 70 41 21 62 19 16 63 46 84 77 75 40 39 34 11 31 76 54 14 95 87 30 85 27 73 68 97 78 81 13 61 25 0 42 94 91 82 6 17 3 5 50 60 88 10 93 52 8 9 45 55 67 96 74 57 80
TEST 10 ARG:7 35 26 53 89 92 47 86 29 79 56 48 38 71 28 12 20 2 64 23 24 43 44 33 99 59 37 69 18 32 66 22 36 65 4 1 15 49 72 90 98 58 83 51 70 41 21 62 19 16 63 46 84 77 75 40 39 34 11 31 76 54 14 95 87 30 85 27 73 68 97 78 81 13 61 25 0 42 94 91 82 6 17 3 5 50 60 88 10 93 52 8 9 45 55 67 96 74 57 80
Multiple size <= 500
TEST 1 ARG:-52 -159 -146 -155 -185 -240 -242 49 -14 -201 85 1 -103 54 -166 -48 -172 -145 151 -18 247 172 133 -2 109 -178 239 -234 -123 96 -12 -121 -227 -22 -31 -91 -170 40 47 -79 -120 -189 -75 59 -65 -248 206 -15 65 31 -60 178 -207 6 205 -167 249 139 232 58 -194 17 -218 41 143 -77 177 11 -38 231 -225 -86 128 -56 202 187 98 -39 16 173 108 130 240 60 156 101 -245 180 204 184 -162 -3 -4 95 124 112 -124 -226 15 -183 142 44 -104 89 -55 -179 -129 -73 97 -61 -157 117 -220 138 -122 222 -84 -187 -149 50 -50 -184 -205 56 212 175 203 -114 193 -29 214 -23 -90 -243 -141 -106 -203 -153 186 24 -92 119 -232 62 -244 199 -6 21 -24 -169 242 26 -139 -20 -66 -96 91 181 -113 -87 -196 18 200 43 -80 -236 -33 -250 70 107 64 113 -161 -168 167 209 132 -54 -216 -173 -107 79 -40 -74 -152 141 -135 228 -58 220 131 -164 -109 9 144 8 -30 3 160 51 81 -219 152 -171 52 -59 127 140 -42 -62 223 -26 211 -37 10 -174 39 216 -165 68 248 241 123 38 -163 201 -21 -72 5 19 114 -202 150 -41 22 197 33 188 148 137 -53 -134 2 -119 -241 -78 -222 -76 35 53 -192 -82 90 63 190 -221 237 -230 159 -36 -158 36 179 154 218 -68 75 -186 213 -105 -108 -160 -133 -249 230 -116 -246 -47 -181 -151 -101 183 -195 20 -95 61 -132 -156 -211 29 -5 -137 198 -228 164 -67 161 -144 -215 -175 46 215 -198 153 -176 77 170 -188 135 42 67 87 12 118 -118 105 -142 80 166 -154 55 233 221 219 14 134 244 -100 -28 -190 69 246 224 -180 194 -200 115 71 189 -83 -35 -140 57 -11 -63 210 -98 -9 149 -32 -115 -44 -94 -70 196 -34 66 147 207 -182 -25 -138 208 -43 -13 -212 -45 103 -71 155 -217 -229 -204 -117 25 191 -233 -89 76 -150 -235 -110 106 -197 235 158 73 -1 234 -112 174 100 182 121 226 -81 129 168 163 -130 -10 -8 -49 7 -231 126 -210 120 227 -27 -125 176 -51 -147 -127 245 165 86 -136 -64 27 236 30 192 169 225 -99 83 78 48 -199 -16 146 4 -46 99 -143 217 -85 -102 145 37 82 -238 88 -209 -214 93 104 -131 -223 28 -111 0 -88 243 185 45 -247 -208 -193 125 -93 -69 229 -148 -97 -19 122 -17 23 102 157 72 -126 -206 32 171 74 13 -7 -177 -57 -213 116 110 -224 -191 34 84 238 162 -128 -237 94 195 92 136 -239 111
TEST 2 ARG:169 104 138 178 -37 167 -138 125 -110 82 42 -135 -159 222 -99 -51 83 63 47 -205 -55 216 238 -241 -20 -6 -154 179 -223 99 -119 -245 241 25 -95 -35 77 -234 -78 -32 85 243 -125 -105 -212 -3 230 -47 56 -231 121 -243 132 106 -233 -179 -174 60 -31 165 2 -182 -88 160 137 -87 22 182 -52 166 123 105 -91 -18 -225 -74 170 -230 -97 -139 210 107 202 81 245 35 -173 -94 -56 207 -111 161 86 51 -33 64 -157 242 -59 -165 164 183 -80 -242 15 44 29 147 43 -180 -209 -42 -77 -65 108 74 46 -72 90 162 -217 -50 -235 213 59 145 114 23 -82 -113 93 236 21 -147 155 36 39 -34 205 153 240 -49 198 -227 50 233 150 -160 55 -36 -128 175 -134 -17 249 38 14 -214 79 -142 72 -170 76 199 151 -200 61 -194 144 -153 244 13 -109 -75 218 30 48 -185 87 -5 45 116 -186 89 49 -118 78 192 -69 176 -9 122 31 -191 10 187 32 157 -62 -146 209 131 -149 95 -7 -45 96 139 212 -46 -107 -24 135 143 68 163 -203 136 231 -210 194 -53 7 229 52 232 239 188 115 -19 -140 -16 -115 -8 6 129 53 -63 158 -238 140 206 8 -202 -58 -30 -144 11 -92 185 34 142 -81 20 112 -28 18 -54 17 -43 184 -100 -2 191 -249 -246 -123 98 -40 119 -213 -132 100 128 65 -167 203 -76 215 -14 -215 -196 70 227 -1 221 75 -148 -116 4 -190 -188 220 73 -12 -207 -126 -184 -131 97 -79 219 148 -112 0 217 -13 -84 9 -83 225 -129 -86 -206 -192 -236 -220 223 133 -120 117 62 110 -39 -247 -232 226 -23 -229 5 196 214 -145 -137 -169 27 -152 -208 -222 41 -218 181 246 -172 -122 -61 -197 103 57 -158 -211 -156 -130 193 40 12 130 -114 247 -181 58 54 201 -89 19 168 -175 234 -102 28 -166 -41 71 -143 -64 3 -219 197 -163 -127 186 -178 154 94 -66 172 -22 156 248 -176 -73 -187 -237 -108 -70 -183 -85 -11 -117 -136 16 -29 69 102 -121 -221 -101 -193 -44 -98 -151 228 67 -15 26 80 -71 141 33 -164 195 -150 -96 -141 235 127 -155 -177 84 88 237 -199 171 101 -38 37 174 -244 -90 -106 208 -60 113 -21 -224 -161 -168 -189 159 -93 -248 -10 -198 -104 -68 -162 109 189 124 -204 180 -240 -226 211 177 149 -171 118 -25 134 111 -239 190 152 -201 -26 120 -124 -67 146 126 -195 -103 66 200 -27 224 -228 -216 91 204 -57 -4 1 24 -48 92 -133 173 -250
TEST 3 ARG:-118 -188 -113 98 -48 -170 -140 63 165 -183 -178 -202 -147 115 247 -194 -76 111 94 208 5 -154 -207 -227 -229 -99 -238 -97 97 -155 244 133 -222 80 227 204 -146 18 216 113 170 -105 118 103 -190 -160 -121 -107 -69 222 161 107 44 122 10 -232 -49 -234 194 230 14 106 224 -210 34 24 -66 -166 -70 -136 121 186 40 -11 -73 -144 13 -84 -233 -59 109 6 -159 188 -134 -204 -15 116 86 -31 -86 -250 234 -176 178 70 16 -205 -96 147 193 154 51 -77 136 -91 119 -203 -126 27 -131 3 -236 -196 108 -241 232 156 104 -104 -127 -192 -60 41 -142 -199 -35 160 -75 -50 -237 7 -197 -239 214 -34 -13 183 217 -249 -216 152 192 173 -63 237 -164 168 -28 -246 46 -187 69 206 162 246 -128 -87 218 -148 -163 -27 -208 -117 231 -191 101 185 177 225 2 166 191 35 49 77 209 -102 245 -80 53 67 -46 -230 -88 155 138 249 22 -58 189 -103 -184 87 -33 -14 -68 47 -206 65 -55 -182 -2 238 -17 -165 -61 -72 198 -21 -71 11 175 -37 -185 131 -189 38 74 223 -81 -179 233 148 -39 242 8 90 200 141 157 -174 20 60 -193 -231 202 -6 83 -42 -235 171 -244 81 236 -120 -56 84 110 -24 -90 195 0 207 52 36 -10 181 -25 -224 239 26 163 176 19 -82 95 226 92 -132 -16 -226 54 -41 243 61 -173 114 -177 -133 -95 125 102 199 48 -145 -139 -225 -36 -111 197 132 15 228 126 -135 -181 -168 128 112 -19 123 -62 241 -3 -138 -141 -38 142 -161 145 88 179 31 -152 -65 -40 -119 219 -4 -101 -124 50 -201 153 23 201 105 -45 -12 56 -85 203 -106 134 100 32 66 235 -195 85 -109 213 -43 -52 151 -47 -89 120 -67 -223 64 -130 43 93 68 130 -247 -108 17 30 82 149 150 172 -169 -92 -245 -116 -213 76 -53 -218 -217 4 39 -114 -198 -186 229 143 99 -57 -115 -74 117 -171 -212 33 75 -23 -83 91 73 -100 -150 -64 -214 220 129 -26 -211 -175 -93 -98 -228 -158 89 -125 -7 -200 -44 -1 -18 62 -30 -153 59 158 164 144 215 -122 -79 146 187 58 137 221 -112 211 96 -9 57 -151 -220 -143 240 210 9 159 -215 71 -137 190 -167 72 78 -248 -221 124 -110 -22 12 127 29 -157 -209 -156 45 140 -162 167 196 -172 -20 248 55 -8 205 135 37 -219 -123 182 -78 28 1 174 25 21 139 -94 180 79 -129 -240 -32 -29 184 -51 -180 42 169 212 -242 -5 -54 -149 -243
TEST 4 ARG:121 -208 -21 -104 -113 237 93 -177 154 -220 29 -87 -222 218 -248 -106 209 241 7 56 32 -214 1 -154 -60 157 -75 107 66 -18 -56 89 188 195 -117 -164 142 68 80 -161 141 115 -80 -82 180 -120 210 145 133 -148 249 -139 -138 40 134 -52 223 230 -97 85 222 -245 -143 -159 207 -156 106 -205 -50 -107 9 -93 242 -12 -211 -13 -9 211 -193 63 -246 -34 -20 -142 105 -217 -84 173 -207 176 -210 -250 -31 -216 -168 -194 8 160 -191 -225 -147 113 61 -6 -42 123 132 -76 124 128 161 -40 -14 -86 -35 148 -181 -203 -30 219 129 17 -244 74 -239 34 193 12 -7 -231 20 190 84 98 -186 -221 -109 69 -230 -166 -125 -91 -102 146 -10 -112 60 -2 -36 -236 65 -17 122 136 -43 -108 198 234 -73 192 -150 96 156 67 48 10 -169 155 -153 196 -16 -124 203 -22 191 -5 240 -41 -188 -89 -175 -38 233 -95 -227 95 38 -215 -232 33 -49 202 36 147 27 -77 86 150 215 -27 246 -201 2 -196 19 -88 87 -68 -25 -8 -135 225 31 -134 43 -33 35 -115 226 -51 54 92 83 52 24 239 -103 217 185 -167 -218 127 143 140 -121 -129 -173 -212 -198 172 -249 -131 104 -162 -28 205 -163 0 -94 -81 76 22 41 135 81 -235 245 201 11 73 -71 -57 189 -234 -206 -100 18 79 -101 -140 175 -130 78 75 -47 236 62 -157 221 -190 -126 231 97 -184 164 232 -3 90 -180 -64 -242 184 -74 -224 -90 130 228 -233 -11 -229 163 49 137 -118 -92 -4 -155 -170 109 166 23 64 182 144 227 100 -240 -46 -39 -197 186 247 -98 -133 -204 -110 -63 77 -23 165 -65 6 71 224 -15 138 187 -127 117 70 208 168 -96 -195 177 170 45 72 39 -79 13 -151 55 213 238 119 204 244 126 50 -243 162 197 -152 -200 -54 200 -209 21 -132 15 -99 14 125 -122 199 5 248 88 158 171 131 94 -136 -37 -44 82 30 -141 167 149 -185 4 102 -238 51 -192 -123 181 -19 169 47 -237 -59 206 -78 153 243 -182 151 -174 174 99 235 -247 -189 -62 -149 -24 -48 57 58 -85 103 216 26 120 -72 -199 229 91 179 -228 -187 194 -26 -223 -66 -55 -137 -160 -29 59 112 -179 212 -53 116 152 108 -32 -158 -116 118 -111 -178 -67 -172 37 -219 -226 214 111 16 -119 114 -176 -45 159 -70 -213 46 53 -58 -114 -165 25 -202 -146 183 -171 -61 44 42 -128 -183 178 -105 139 -83 110 -69 3 101 -241 -1 28 -144 220 -145
TEST 5 ARG:-105 194 -61 -55 -39 -225 91 -115 -109 -209 51 -119 155 79 -174 -220 -200 168 -243 -238 -85 170 245 200 39 -185 205 -141 141 -97 67 109 115 -124 134 99 -221 -190 -3 -129 -7 -183 221 -118 47 -1 -73 -74 -96 -94 249 -131 24 52 167 195 174 138 231 -140 106 -168 -218 102 -181 112 -10 -216 16 -212 93 145 -233 139 -224 17 -247 101 206 209 -117 -26 -133 -17 -47 12 -204 49 -18 7 -104 -241 191 172 -110 27 -139 187 -161 -46 -20 2 236 105 171 -38 181 -79 100 -120 -237 4 -176 11 97 80 -201 136 -63 8 41 -197 -184 31 66 -158 203 218 -175 -192 -134 -170 -130 98 70 -56 132 -48 166 -219 60 210 -22 -36 -198 -11 111 84 144 -213 -13 -137 -179 -67 -132 114 156 223 220 -165 9 -178 133 107 -60 234 -107 94 235 85 43 122 -35 -80 -89 -164 86 -106 169 -231 -223 163 77 176 -194 28 75 229 32 -136 69 150 117 71 161 -70 -138 -99 212 143 -196 65 -148 182 83 137 165 -81 14 -108 213 -125 178 224 208 68 125 179 -75 -102 -112 243 -62 -163 45 -149 126 -222 -159 53 215 -82 186 -167 58 -43 -157 120 54 48 -202 -151 -189 -250 59 -16 -52 -245 233 63 -229 152 -51 -206 130 -154 -58 -113 -40 -66 89 -203 62 -32 199 19 -172 192 21 157 154 -210 -145 185 20 -53 -123 248 -23 217 116 -28 -152 -160 211 1 -71 196 -45 -143 -127 -37 -21 240 -30 -248 61 183 -100 -42 -128 239 -33 118 -114 -57 6 -98 -246 95 -177 113 -188 23 -91 90 -208 -14 -9 -31 193 -230 -232 -249 225 57 -77 -5 -226 -180 3 -92 -146 159 129 64 110 -211 222 153 158 241 30 73 -162 197 164 -111 -87 232 10 -103 38 92 -59 -12 -95 18 202 -86 -93 56 -122 -215 148 55 78 -214 -69 -24 198 15 -235 5 207 -76 -50 -144 -68 246 131 50 227 162 216 244 140 228 13 -217 -101 -242 34 -29 74 29 26 -88 -4 247 204 -6 -83 82 -135 237 -244 226 121 -78 -147 -153 36 219 184 -186 -207 81 128 242 -156 123 -126 -240 33 87 177 127 108 103 -239 142 -236 -205 -199 160 -234 104 -72 -193 0 -8 40 -19 -187 22 -142 -116 -121 44 42 -15 119 -54 -64 -41 -228 -227 -2 214 -182 -34 -65 -191 146 -166 135 72 96 35 189 149 173 -49 238 201 180 151 -90 -173 -171 -27 76 46 124 -195 190 -25 -44 37 25 147 88 -155 -169 -150 -84 188 230 175
TEST 6 ARG:84 -148 130 63 -72 -128 -178 -32 -224 -248 224 -240 145 59 176 -7 -149 -20 174 -113 -18 120 201 -21 181 -167 7 -187 -48 -76 14 -210 -60 -71 -218 25 10 226 199 208 110 -106 5 -220 -107 228 -152 -28 -54 187 192 -219 152 189 -223 -86 -110 26 55 -137 24 -227 125 220 46 -215 104 -145 -116 -17 -55 247 -51 172 122 234 218 237 -246 32 233 -176 -92 162 64 -81 137 12 -122 83 39 -164 105 249 -22 43 -43 48 -53 -37 -228 30 126 123 163 -117 -84 49 -205 -129 -175 -190 210 127 -150 -61 4 -209 205 -36 221 132 -174 92 -79 74 173 232 246 195 -233 -31 113 -42 47 -147 61 -249 169 -244 62 108 241 153 -121 -109 178 112 86 29 -96 53 28 90 56 -131 -125 -196 180 -213 -199 118 -232 96 68 -181 -182 6 -138 -155 -104 -82 52 215 71 -89 211 217 85 225 -30 -202 -180 60 -27 230 82 27 -80 -49 79 151 -200 -26 3 -163 103 -231 77 54 -203 -189 -229 -221 191 -216 -115 81 165 -234 95 58 2 119 -2 -52 -90 -93 15 117 114 -41 223 -192 240 -62 -146 -168 177 -33 -169 222 -134 -153 -183 -119 -78 238 -170 147 33 -4 -241 91 -133 212 144 243 213 34 248 160 -38 37 214 164 196 40 -19 75 -211 -158 -188 -185 -136 200 87 -1 149 44 154 193 45 65 -8 242 19 -139 203 -10 -143 235 133 156 -40 -100 -123 244 57 -250 134 -63 -204 99 185 183 73 -186 94 -70 -99 -177 184 1 -14 50 0 -12 121 135 -5 -45 170 97 236 21 -214 -206 -73 -161 -94 -212 -151 102 166 22 -230 31 -194 -193 106 239 216 -173 -127 -64 186 -118 245 142 80 -29 116 -195 -172 138 171 -142 38 -102 18 -69 -124 -75 70 -83 9 51 -166 67 128 -46 -238 36 -59 207 -225 -98 129 -239 101 -247 100 167 229 8 -3 161 146 115 -57 182 179 89 198 -39 78 155 23 -132 188 -242 -162 -171 -130 -217 -114 41 143 -56 -141 -9 -24 -50 69 -68 -87 159 -157 -159 168 209 109 -97 -11 197 -23 107 16 -208 -179 227 -160 42 -105 -126 -237 -235 157 -197 72 -198 -112 202 -135 -243 -15 -85 -6 158 -13 190 -103 -74 -226 -35 -65 136 204 148 -140 206 -236 -91 -34 140 93 66 111 17 131 -201 -222 -47 98 -245 -67 35 141 -44 -154 -184 76 -88 -66 -16 175 -207 -101 88 -108 -25 231 13 139 -95 194 20 -111 124 150 -191 -58 219 11 -77 -165 -120 -144 -156
TEST 7 ARG:181 14 168 241 61 -23 -174 79 -52 192 125 -188 94 -211 -246 -31 -57 143 106 225 158 -1 -200 -51 -134 -47 3 -221 -110 -3 48 -138 -37 75 -178 148 -196 -149 -84 -62 -55 -91 -222 161 -45 25 -147 -80 69 22 111 27 92 53 32 136 -41 -87 -244 139 -89 -109 37 -64 56 -160 164 180 -236 23 -224 193 -203 -232 -79 175 230 -26 -36 -11 -210 -53 -202 171 216 40 -124 234 -195 173 -245 -182 7 -191 -49 -63 81 -241 -19 -97 43 -229 -184 177 146 -158 187 2 -215 -177 42 149 1 0 199 212 -186 -14 -242 -83 -119 -144 -239 -212 195 74 5 38 204 -142 -169 232 51 77 -73 -148 -58 -140 47 72 -230 242 -38 80 87 172 -132 208 237 99 190 176 -137 248 188 -163 -123 191 -86 197 127 -250 82 238 -40 73 215 144 -27 -213 -145 20 -15 28 66 26 121 185 -204 -92 -207 54 200 -107 126 154 235 88 -199 194 244 -216 249 -108 110 31 209 -127 -60 153 -5 210 156 -118 -95 178 -247 -135 184 206 -32 -120 -249 93 -146 134 -101 -114 104 -183 -68 -168 115 -59 129 -74 151 91 -88 -90 240 -69 227 -56 -2 -130 -185 159 -220 -227 -105 246 109 -67 -7 157 -104 223 -116 107 135 -113 -16 -4 132 -238 -248 21 167 202 -99 -217 -75 239 101 189 116 -192 -161 217 -193 141 -43 -150 -136 236 52 -82 -231 -180 33 228 -28 -155 64 -187 -22 -159 -50 -171 114 162 59 86 11 -131 -152 113 -100 174 -156 30 13 150 163 124 219 186 -106 -30 -111 55 -112 -70 46 65 221 -125 -201 160 68 -151 24 76 165 -77 -72 -29 -85 -228 218 -102 -181 58 137 198 -172 -235 -129 12 -128 140 50 133 60 -71 -76 -198 105 -39 -243 44 62 -197 117 -176 -225 -143 -42 229 -175 9 -237 214 183 -25 -10 -189 138 147 17 122 98 224 -223 49 -219 207 34 213 245 97 -12 -139 -35 -141 6 -117 155 -44 -154 -96 -126 -234 222 -153 8 4 89 -173 -17 -233 -240 63 -54 -21 -162 -34 -226 169 96 -190 -65 -8 100 102 39 -214 142 243 233 41 -18 128 -164 -122 182 108 -170 -48 152 -78 -208 70 -13 -9 220 166 170 19 84 -206 16 -115 -194 90 130 -133 -24 15 119 -167 45 145 118 196 95 -205 203 -103 -218 18 179 -93 112 -179 -209 -166 131 35 205 -157 83 103 231 10 226 201 -33 -46 57 78 120 -81 -121 -6 -98 85 247 211 -61 -94 71 -165 -66 -20 67 123 36 29
TEST 8 ARG:-178 40 -37 122 222 249 -116 -3 105 -78 -5 157 -226 53 99 -65 23 220 198 175 5 174 227 -79 35 -6 -179 -201 204 94 -182 -153 -127 -107 -240 150 123 185 76 126 84 19 -96 246 -56 -118 -49 56 -114 -234 194 -131 178 -113 -223 -85 120 60 -26 202 -203 236 34 190 82 158 153 -161 244 247 -68 -76 -121 74 -12 -23 -190 -170 177 -236 33 -233 243 143 -58 162 127 -52 -149 -155 6 102 100 -16 -27 172 7 -45 -64 -231 50 -86 -243 183 -250 -147 -171 112 169 2 -187 110 -44 -75 -82 242 31 -144 129 -29 25 192 181 -185 -218 -10 -206 42 88 -48 44 -242 -47 168 137 89 -93 170 187 -128 140 -18 66 -15 87 -9 -172 -88 -112 -160 32 134 -142 188 -133 221 101 -224 -84 -151 -166 201 146 239 -158 1 -215 148 234 136 10 -181 200 -11 -192 -53 -124 -221 71 -38 -145 215 -109 14 63 45 165 -129 199 -46 -39 -81 -183 -22 -123 41 95 -13 159 -241 -141 49 -139 166 173 -106 57 -91 212 -169 224 -156 -232 15 22 -180 -217 191 208 64 203 118 -135 119 -59 -199 -208 -25 -100 189 -235 -2 36 -80 -21 -197 -163 81 238 -120 72 125 -92 86 -175 -140 -159 -83 117 -228 -154 -20 176 -249 -186 -14 -205 -214 37 -167 83 -24 -244 73 171 -193 -168 18 13 -31 -73 147 132 29 -95 211 -157 155 152 219 -67 -152 -237 214 -115 217 -62 -19 -246 135 -210 -97 96 -247 108 -36 85 -132 -1 -125 -122 -30 116 -99 103 106 121 -43 26 111 196 55 -4 -220 206 -148 -77 -188 47 -102 -204 -191 90 -17 210 213 80 232 -207 -119 -32 -150 28 11 -34 218 142 -108 58 93 139 -71 216 24 -173 -105 -72 -33 -211 -238 -138 -239 -245 186 54 21 -41 -227 179 46 65 43 144 51 -7 -146 141 193 39 114 -200 160 -103 131 197 133 -225 -248 -63 107 231 -176 145 -101 124 61 -230 -162 109 207 -111 -143 225 -212 -98 -194 48 68 -196 92 3 228 -28 -42 9 156 75 27 195 -110 248 -126 -54 -202 -40 91 77 -35 164 230 -57 -50 -8 -87 113 -55 233 180 -174 115 182 -51 226 128 -177 -164 -66 -222 -60 97 69 38 20 8 154 -184 70 -189 240 184 209 -74 0 245 -137 151 -130 149 4 78 -195 62 30 163 59 -61 79 52 -216 12 -209 -90 130 104 235 138 161 205 -198 -117 -89 -136 167 17 -219 241 -213 67 229 237 -94 223 -165 -229 -104 -70 -134 -69 98 16
TEST 9 ARG:119 192 175 120 202 -145 -125 -238 165 35 136 -12 235 -175 -2 -241 -59 138 196 117 115 -133 -147 -140 112 17 92 213 11 200 121 32 -11 -157 55 91 69 154 -181 223 155 177 -56 -247 -68 219 -243 42 176 -93 229 -132 -98 150 19 -103 247 110 234 143 20 -35 -109 -194 -237 -47 62 -196 -200 -233 -210 -248 135 -18 127 -155 -13 83 -117 -172 94 205 132 -54 -16 225 125 -27 198 -36 -245 185 -224 -142 63 -79 -19 -34 22 81 -204 59 140 -65 -217 126 -82 -171 174 144 -195 -185 -169 169 178 148 -213 -90 195 43 93 -209 190 -222 -15 -216 -190 -5 157 -149 10 16 -189 65 -152 45 95 237 -223 246 -162 241 77 -24 -64 -110 -76 44 96 37 -158 90 182 99 -124 -22 128 -231 212 -174 -156 153 30 248 209 78 193 -1 -60 186 -205 214 -85 56 -197 -226 -89 -88 -48 -45 -178 -100 79 -21 180 -33 249 -31 -202 -6 -50 -182 -239 -105 149 131 240 72 108 1 151 -77 -154 -214 -230 -80 -129 -164 160 187 29 -115 -144 172 70 -44 -173 -99 147 13 -128 34 -119 -148 15 -7 109 -250 50 216 -212 -49 8 71 12 -83 -122 203 167 107 -95 -4 158 163 162 -29 133 48 -121 84 142 89 -240 179 -70 67 199 4 -136 -160 -81 -74 39 98 226 105 -166 -236 -168 -177 217 21 -130 232 146 152 -32 -184 103 -134 197 -30 106 230 -151 101 130 80 -38 -43 116 24 245 -244 139 204 -138 18 129 -188 206 66 184 -219 -8 -75 137 -114 7 218 243 -25 -52 104 118 159 -26 -141 -20 -46 74 6 -62 215 238 -183 -107 -10 -84 86 -127 114 -71 -86 141 -139 166 -235 -17 156 -131 -118 31 26 134 -23 113 -116 -207 189 228 -201 38 23 -72 145 76 -37 -28 -153 -78 -191 208 52 -104 40 188 -143 221 14 -87 -120 -221 -179 -63 -94 -159 2 -51 68 -101 -113 123 191 -180 82 207 -40 -211 25 236 183 51 -96 -108 -234 -218 9 222 57 88 0 -246 -198 -192 164 -220 -53 -249 233 -187 -161 -69 73 -176 194 54 244 -112 -165 -92 -42 210 -102 -135 60 211 49 111 75 161 -66 -186 -123 -97 -170 41 -215 -150 85 242 -242 220 61 -111 227 27 122 181 33 -225 -137 -73 -55 64 -199 46 100 102 -126 -232 -39 124 28 171 231 3 -3 173 -106 -228 224 97 -229 -203 -9 -167 47 170 -163 -206 -14 -227 36 -146 -91 -57 -58 -41 5 239 -193 -61 87 58 201 168 -208 53 -67
TEST 10 ARG:232 127 -223 -70 -142 228 -241 -81 131 103 -172 125 213 196 2 46 74 64 211 -38 80 -118 -236 -125 -98 146 -175 201 96 33 238 20 30 -123 -231 119 -32 -35 122 -210 244 3 98 -247 -248 62 220 -137 -194 142 242 205 -5 59 200 -77 -217 156 109 -141 246 -49 -153 167 -173 -219 63 -65 -67 -176 -56 221 175 209 132 38 216 -183 -148 144 148 51 4 190 -96 88 93 -149 -211 187 -177 173 27 128 -12 219 186 -244 -205 -199 -209 -22 -150 29 212 15 -59 34 147 -235 157 -18 215 117 105 18 -178 -46 -180 -138 -168 199 -184 -20 182 141 222 -230 -204 -69 21 151 -75 -155 -28 -174 -80 -133 111 198 -216 78 -249 -44 104 -152 -4 -151 -11 -97 -9 136 85 120 -48 161 191 -171 24 -63 -1 -182 -237 -108 129 -111 -78 206 -214 203 -240 -213 83 72 92 130 -207 208 202 -195 43 -39 37 214 6 -112 -95 139 -121 239 -83 -119 35 -222 -16 177 -147 -89 53 116 49 154 87 67 -197 -190 -34 -43 1 -105 229 70 -145 217 -99 140 194 -189 245 162 240 -167 106 89 -42 22 54 69 -181 169 19 -114 -203 -120 -139 25 -158 -92 160 11 66 -30 -61 10 36 -15 -74 91 168 -60 -166 174 9 -218 97 60 113 -229 17 -201 -246 -2 172 -131 -186 -37 -191 193 -228 58 -136 -188 -116 -58 65 -104 -245 -154 158 234 8 114 -128 95 248 44 -157 192 -66 101 159 68 126 237 -164 243 -115 197 7 -232 -8 -40 -52 102 183 -45 -55 231 123 -3 39 12 204 -107 -84 -36 -165 -224 110 -220 -206 -33 226 249 50 223 134 -124 -187 77 -208 100 -50 5 -82 -7 75 176 -202 149 -73 -100 171 -51 180 -161 -87 -62 185 170 179 -226 -196 -102 -21 163 -134 121 32 153 -170 94 -140 -193 57 82 -127 -130 -91 138 -212 -17 -242 -47 218 -53 48 -135 241 184 -101 84 -238 247 61 13 165 0 73 188 225 -117 145 178 -54 236 -143 55 -169 -71 112 -106 -41 -19 -64 -85 -72 -113 -29 -93 -215 52 -156 -146 -233 -132 -227 -198 -162 -103 40 -10 -24 227 -109 47 181 -76 210 118 -160 166 -27 -88 45 -163 26 -144 -25 76 -192 14 155 -14 -90 115 -23 152 71 42 -250 -13 189 -159 -122 99 -234 -225 -57 -185 124 -110 28 41 233 133 -239 -126 79 224 107 -79 86 81 108 137 164 230 90 16 -221 143 195 -68 23 135 235 -179 56 -243 -86 150 -129 31 -6 -26 -200 -94 -31 207
All size test
TEST 1 ARG:6 10 8 0 3 1 4 2 5 9 7
TEST 2 ARG:1 10 0 4 7 2 6 5 3 9 8
TEST 3 ARG:0 4 9 6 2 5 8 7 1 3 10
TEST 4 ARG:0 10 8 5 2 1 3 7 9 4 6
TEST 5 ARG:5 9 2 4 0 1 7 3 6 10 8
TEST 1 ARG:0 11 4 3 10 5 7 9 8 6 1 2
TEST 2 ARG:3 6 2 10 8 5 1 7 9 4 11 0
TEST 3 ARG:10 0 9 8 4 1 3 6 11 2 7 5
TEST 4 ARG:2 8 6 11 1 7 4 0 10 3 9 5
TEST 5 ARG:11 1 3 2 5 10 0 8 7 9 6 4
TEST 1 ARG:11 6 7 2 8 9 0 4 12 10 1 5 3
TEST 2 ARG:11 7 0 6 1 9 3 4 2 12 10 8 5
TEST 3 ARG:12 3 11 1 8 7 5 6 4 10 2 9 0
TEST 4 ARG:6 4 10 7 8 2 1 3 11 9 12 5 0
TEST 5 ARG:11 2 7 10 5 6 8 12 9 0 1 3 4
TEST 1 ARG:5 7 8 4 3 9 13 10 6 1 11 2 12 0
TEST 2 ARG:13 8 9 6 4 2 10 11 0 7 1 5 12 3
TEST 3 ARG:11 0 2 12 1 6 13 8 5 10 3 4 7 9
TEST 4 ARG:9 3 1 7 8 4 2 5 10 0 11 13 6 12
